{
  "cells": [
    {
      "cell_type": "markdown",
      "metadata": {
        "id": "7JnCGXxJDmtO"
      },
      "source": [
        "# **EDA y ML**\n",
        "\n",
        "---\n",
        "\n",
        "\n",
        "Realizamos un Exploratory Data Analysis (EDA) para conocer en profundidad los datos y realizar del modelo de Machine Learning (ML)."
      ]
    },
    {
      "cell_type": "markdown",
      "metadata": {
        "id": "gB27PbFViUrp"
      },
      "source": [
        "Importamos las librerias necesarias para el desarrollo de el EDA y modelo de ML"
      ]
    },
    {
      "cell_type": "code",
      "execution_count": 4,
      "metadata": {
        "id": "jfYQObnWhfCA"
      },
      "outputs": [],
      "source": [
        "import numpy as np\n",
        "import pandas as pd\n",
        "import ast\n",
        "from sklearn.model_selection import train_test_split\n",
        "from sklearn.linear_model import LinearRegression\n",
        "from sklearn.preprocessing import PolynomialFeatures\n",
        "from sklearn.metrics import r2_score, mean_squared_error"
      ]
    },
    {
      "cell_type": "code",
      "execution_count": 5,
      "metadata": {
        "id": "2wfU6RaVheeW"
      },
      "outputs": [
        {
          "data": {
            "text/html": [
              "<div>\n",
              "<style scoped>\n",
              "    .dataframe tbody tr th:only-of-type {\n",
              "        vertical-align: middle;\n",
              "    }\n",
              "\n",
              "    .dataframe tbody tr th {\n",
              "        vertical-align: top;\n",
              "    }\n",
              "\n",
              "    .dataframe thead th {\n",
              "        text-align: right;\n",
              "    }\n",
              "</style>\n",
              "<table border=\"1\" class=\"dataframe\">\n",
              "  <thead>\n",
              "    <tr style=\"text-align: right;\">\n",
              "      <th></th>\n",
              "      <th>genres</th>\n",
              "      <th>release_date</th>\n",
              "      <th>tags</th>\n",
              "      <th>specs</th>\n",
              "      <th>price</th>\n",
              "      <th>sentiment</th>\n",
              "      <th>metascore</th>\n",
              "    </tr>\n",
              "  </thead>\n",
              "  <tbody>\n",
              "    <tr>\n",
              "      <th>0</th>\n",
              "      <td>['Action']</td>\n",
              "      <td>1998-11-08</td>\n",
              "      <td>['FPS', 'Classic', 'Action', 'Sci-fi', 'Single...</td>\n",
              "      <td>['Single-player', 'Multi-player', 'Valve Anti-...</td>\n",
              "      <td>9.99</td>\n",
              "      <td>Overwhelmingly Positive</td>\n",
              "      <td>96</td>\n",
              "    </tr>\n",
              "    <tr>\n",
              "      <th>1</th>\n",
              "      <td>['Strategy']</td>\n",
              "      <td>2006-07-06</td>\n",
              "      <td>['Turn-Based Strategy', 'Strategy', 'Classic',...</td>\n",
              "      <td>['Single-player', 'Multi-player', 'Co-op']</td>\n",
              "      <td>6.99</td>\n",
              "      <td>Mostly Positive</td>\n",
              "      <td>84</td>\n",
              "    </tr>\n",
              "    <tr>\n",
              "      <th>2</th>\n",
              "      <td>['Strategy']</td>\n",
              "      <td>2006-07-06</td>\n",
              "      <td>['Strategy', 'Turn-Based Strategy', 'Fantasy',...</td>\n",
              "      <td>['Single-player', 'Multi-player', 'Co-op']</td>\n",
              "      <td>6.99</td>\n",
              "      <td>Very Positive</td>\n",
              "      <td>80</td>\n",
              "    </tr>\n",
              "    <tr>\n",
              "      <th>3</th>\n",
              "      <td>['Action', 'Indie', 'RPG']</td>\n",
              "      <td>2006-07-11</td>\n",
              "      <td>['Multiplayer', 'Indie', 'Action', 'First-Pers...</td>\n",
              "      <td>['Single-player', 'Multi-player', 'Steam Tradi...</td>\n",
              "      <td>9.99</td>\n",
              "      <td>Very Positive</td>\n",
              "      <td>76</td>\n",
              "    </tr>\n",
              "    <tr>\n",
              "      <th>4</th>\n",
              "      <td>['Action']</td>\n",
              "      <td>2005-08-09</td>\n",
              "      <td>['Action', 'Sci-fi', 'Story Rich', 'Singleplay...</td>\n",
              "      <td>['Single-player', 'Steam Trading Cards']</td>\n",
              "      <td>9.99</td>\n",
              "      <td>Mostly Positive</td>\n",
              "      <td>70</td>\n",
              "    </tr>\n",
              "  </tbody>\n",
              "</table>\n",
              "</div>"
            ],
            "text/plain": [
              "                       genres release_date   \n",
              "0                  ['Action']   1998-11-08  \\\n",
              "1                ['Strategy']   2006-07-06   \n",
              "2                ['Strategy']   2006-07-06   \n",
              "3  ['Action', 'Indie', 'RPG']   2006-07-11   \n",
              "4                  ['Action']   2005-08-09   \n",
              "\n",
              "                                                tags   \n",
              "0  ['FPS', 'Classic', 'Action', 'Sci-fi', 'Single...  \\\n",
              "1  ['Turn-Based Strategy', 'Strategy', 'Classic',...   \n",
              "2  ['Strategy', 'Turn-Based Strategy', 'Fantasy',...   \n",
              "3  ['Multiplayer', 'Indie', 'Action', 'First-Pers...   \n",
              "4  ['Action', 'Sci-fi', 'Story Rich', 'Singleplay...   \n",
              "\n",
              "                                               specs  price   \n",
              "0  ['Single-player', 'Multi-player', 'Valve Anti-...   9.99  \\\n",
              "1         ['Single-player', 'Multi-player', 'Co-op']   6.99   \n",
              "2         ['Single-player', 'Multi-player', 'Co-op']   6.99   \n",
              "3  ['Single-player', 'Multi-player', 'Steam Tradi...   9.99   \n",
              "4           ['Single-player', 'Steam Trading Cards']   9.99   \n",
              "\n",
              "                 sentiment  metascore  \n",
              "0  Overwhelmingly Positive         96  \n",
              "1          Mostly Positive         84  \n",
              "2            Very Positive         80  \n",
              "3            Very Positive         76  \n",
              "4          Mostly Positive         70  "
            ]
          },
          "execution_count": 5,
          "metadata": {},
          "output_type": "execute_result"
        }
      ],
      "source": [
        "df_filtrado = pd.read_csv(r'steam_games_ETL.csv')\n",
        "df_filtrado.head(5)"
      ]
    },
    {
      "cell_type": "markdown",
      "metadata": {
        "id": "YS-lTzhTjTA_"
      },
      "source": [
        "Contamos la cantidad de valores únicos de las columnas que tienen múltiples datos en listas, para verificar cual nos podría servir para convertirla en columnas binarias.\n",
        "\n",
        "La que usaremos en este caso será géneros , ya que contiene solo 12 valores únicos que es una cantidad razonable para utilizar y eliminaremos specs y tags.\n"
      ]
    },
    {
      "cell_type": "code",
      "execution_count": 6,
      "metadata": {
        "id": "QcSAMMAyhnSZ"
      },
      "outputs": [
        {
          "name": "stdout",
          "output_type": "stream",
          "text": [
            "Cantidad de valores únicos en 'genres': 12\n",
            "Cantidad de valores únicos en 'tags': 320\n",
            "Cantidad de valores únicos en 'specs': 27\n"
          ]
        }
      ],
      "source": [
        "df_filtrado['genres'] = df_filtrado['genres'].apply(eval)\n",
        "df_filtrado['specs'] = df_filtrado['specs'].apply(eval)\n",
        "df_filtrado['tags'] = df_filtrado['tags'].apply(eval)\n",
        "\n",
        "count_genres = len(df_filtrado['genres'].explode().unique())\n",
        "count_tags = len(df_filtrado['tags'].explode().unique())\n",
        "count_specs = len(df_filtrado['specs'].explode().unique())\n",
        "\n",
        "print(f\"Cantidad de valores únicos en 'genres': {count_genres}\")\n",
        "print(f\"Cantidad de valores únicos en 'tags': {count_tags}\")\n",
        "print(f\"Cantidad de valores únicos en 'specs': {count_specs}\")"
      ]
    },
    {
      "cell_type": "code",
      "execution_count": 7,
      "metadata": {
        "id": "iribJ7ZOhvya"
      },
      "outputs": [],
      "source": [
        "df_filtrado.drop(columns=['tags','specs'], inplace=True)"
      ]
    },
    {
      "cell_type": "markdown",
      "metadata": {
        "id": "_DPAM388lTyv"
      },
      "source": [
        "La columna genero la convertimos en 12 columnas binarias"
      ]
    },
    {
      "cell_type": "code",
      "execution_count": 8,
      "metadata": {
        "id": "UPP-TrbukzkW"
      },
      "outputs": [],
      "source": [
        "df_filtrado.dropna(subset=['genres'], inplace=True)\n",
        "# Obtener la lista completa de géneros presentes en el DataFrame\n",
        "all_genres = set()\n",
        "for genres_list in df_filtrado['genres']:\n",
        "    if isinstance(genres_list, list):  # Verificar si es una lista antes de iterar\n",
        "        all_genres.update(genres_list)\n",
        "\n",
        "# Crear columnas binarias para cada género\n",
        "for genre in all_genres:\n",
        "    df_filtrado[genre] = df_filtrado['genres'].apply(lambda genres_list: 1 if isinstance(genres_list, list) and genre in genres_list else 0)\n",
        "\n",
        "# Eliminar la columna original de géneros\n",
        "df_filtrado.drop(columns=['genres'], inplace=True)\n",
        "\n",
        "# Ahora el DataFrame df_filtrado tiene las columnas binarias para cada género, listas para usar en la regresión"
      ]
    },
    {
      "cell_type": "markdown",
      "metadata": {
        "id": "g7Qq6Izh5HiH"
      },
      "source": [
        "Particionamos la fecha en día , mes y año para ver realmente cual tiene más relación con el precio y borramos release_date"
      ]
    },
    {
      "cell_type": "code",
      "execution_count": 9,
      "metadata": {
        "id": "TV6BBurktyIw"
      },
      "outputs": [],
      "source": [
        "# Convertimos la columna \"release_date\" a un formato de fecha\n",
        "df_filtrado['release_date'] = pd.to_datetime(df_filtrado['release_date'])\n",
        "\n",
        "# Extraemos el año creando una nueva columna year\n",
        "df_filtrado['year'] = df_filtrado['release_date'].dt.year\n",
        "df_filtrado['month'] = df_filtrado['release_date'].dt.month\n",
        "df_filtrado['day'] = df_filtrado['release_date'].dt.day\n",
        "\n",
        "\n",
        "# Eliminamos la columna original \"release_date\"\n",
        "df_filtrado.drop('release_date', axis=1, inplace=True)\n"
      ]
    },
    {
      "cell_type": "markdown",
      "metadata": {
        "id": "f2OCP3GfmOK0"
      },
      "source": [
        "Asignamos un numero a cada sentimiento de manera ascendente para que se mas facil vizualizar la relacion con el precio"
      ]
    },
    {
      "cell_type": "code",
      "execution_count": 10,
      "metadata": {
        "id": "XaW6-1EOiNhT"
      },
      "outputs": [],
      "source": [
        "rating_mapping = {\n",
        "    'Overwhelmingly Negative': 0,\n",
        "    'Very Negative': 1,\n",
        "    'Negative': 2,\n",
        "    'Mostly Negative': 3,\n",
        "    'Mixed': 4,\n",
        "    'Mostly Positive': 5,\n",
        "    'Positive': 6,\n",
        "    'Very Positive': 7,\n",
        "    'Overwhelmingly Positive': 8\n",
        "}\n",
        "df_filtrado['sentiment'] = df_filtrado['sentiment'].replace(rating_mapping)\n",
        "df_filtrado['sentiment'] = pd.to_numeric(df_filtrado['sentiment'])\n",
        "df_filtrado['metascore'] = df_filtrado['metascore'].astype(int)"
      ]
    },
    {
      "cell_type": "markdown",
      "metadata": {},
      "source": [
        "Vemos la correlacion de las variables con el precio"
      ]
    },
    {
      "cell_type": "code",
      "execution_count": 11,
      "metadata": {
        "id": "tYpvyr3ymuIg"
      },
      "outputs": [
        {
          "data": {
            "text/html": [
              "<div>\n",
              "<style scoped>\n",
              "    .dataframe tbody tr th:only-of-type {\n",
              "        vertical-align: middle;\n",
              "    }\n",
              "\n",
              "    .dataframe tbody tr th {\n",
              "        vertical-align: top;\n",
              "    }\n",
              "\n",
              "    .dataframe thead th {\n",
              "        text-align: right;\n",
              "    }\n",
              "</style>\n",
              "<table border=\"1\" class=\"dataframe\">\n",
              "  <thead>\n",
              "    <tr style=\"text-align: right;\">\n",
              "      <th></th>\n",
              "      <th>price</th>\n",
              "      <th>sentiment</th>\n",
              "      <th>metascore</th>\n",
              "      <th>Adventure</th>\n",
              "      <th>Casual</th>\n",
              "      <th>Indie</th>\n",
              "      <th>Simulation</th>\n",
              "      <th>Racing</th>\n",
              "      <th>Strategy</th>\n",
              "      <th>Action</th>\n",
              "      <th>Free to Play</th>\n",
              "      <th>Early Access</th>\n",
              "      <th>Massively Multiplayer</th>\n",
              "      <th>Sports</th>\n",
              "      <th>RPG</th>\n",
              "      <th>year</th>\n",
              "      <th>month</th>\n",
              "      <th>day</th>\n",
              "    </tr>\n",
              "  </thead>\n",
              "  <tbody>\n",
              "    <tr>\n",
              "      <th>price</th>\n",
              "      <td>1.000000</td>\n",
              "      <td>0.010211</td>\n",
              "      <td>0.152837</td>\n",
              "      <td>-0.012192</td>\n",
              "      <td>-0.140386</td>\n",
              "      <td>-0.164301</td>\n",
              "      <td>0.090925</td>\n",
              "      <td>0.068490</td>\n",
              "      <td>0.036647</td>\n",
              "      <td>0.014828</td>\n",
              "      <td>-0.242948</td>\n",
              "      <td>-0.013236</td>\n",
              "      <td>-0.123851</td>\n",
              "      <td>0.166110</td>\n",
              "      <td>0.040074</td>\n",
              "      <td>0.336382</td>\n",
              "      <td>0.029678</td>\n",
              "      <td>0.005164</td>\n",
              "    </tr>\n",
              "    <tr>\n",
              "      <th>sentiment</th>\n",
              "      <td>0.010211</td>\n",
              "      <td>1.000000</td>\n",
              "      <td>0.518964</td>\n",
              "      <td>0.056666</td>\n",
              "      <td>0.044977</td>\n",
              "      <td>0.148055</td>\n",
              "      <td>-0.112550</td>\n",
              "      <td>-0.015550</td>\n",
              "      <td>-0.127298</td>\n",
              "      <td>0.063881</td>\n",
              "      <td>-0.068350</td>\n",
              "      <td>-0.007985</td>\n",
              "      <td>-0.068496</td>\n",
              "      <td>-0.042706</td>\n",
              "      <td>0.029081</td>\n",
              "      <td>0.020809</td>\n",
              "      <td>0.034342</td>\n",
              "      <td>-0.017505</td>\n",
              "    </tr>\n",
              "    <tr>\n",
              "      <th>metascore</th>\n",
              "      <td>0.152837</td>\n",
              "      <td>0.518964</td>\n",
              "      <td>1.000000</td>\n",
              "      <td>-0.045651</td>\n",
              "      <td>-0.022454</td>\n",
              "      <td>-0.082079</td>\n",
              "      <td>-0.056972</td>\n",
              "      <td>-0.011243</td>\n",
              "      <td>0.014435</td>\n",
              "      <td>-0.022678</td>\n",
              "      <td>0.012737</td>\n",
              "      <td>0.019179</td>\n",
              "      <td>0.024433</td>\n",
              "      <td>0.014236</td>\n",
              "      <td>0.046830</td>\n",
              "      <td>-0.113248</td>\n",
              "      <td>0.036021</td>\n",
              "      <td>0.013990</td>\n",
              "    </tr>\n",
              "    <tr>\n",
              "      <th>Adventure</th>\n",
              "      <td>-0.012192</td>\n",
              "      <td>0.056666</td>\n",
              "      <td>-0.045651</td>\n",
              "      <td>1.000000</td>\n",
              "      <td>0.063426</td>\n",
              "      <td>0.230027</td>\n",
              "      <td>-0.187395</td>\n",
              "      <td>-0.107168</td>\n",
              "      <td>-0.321369</td>\n",
              "      <td>-0.032495</td>\n",
              "      <td>-0.060149</td>\n",
              "      <td>0.008335</td>\n",
              "      <td>-0.041637</td>\n",
              "      <td>-0.129813</td>\n",
              "      <td>-0.028815</td>\n",
              "      <td>0.203466</td>\n",
              "      <td>0.007467</td>\n",
              "      <td>0.007294</td>\n",
              "    </tr>\n",
              "    <tr>\n",
              "      <th>Casual</th>\n",
              "      <td>-0.140386</td>\n",
              "      <td>0.044977</td>\n",
              "      <td>-0.022454</td>\n",
              "      <td>0.063426</td>\n",
              "      <td>1.000000</td>\n",
              "      <td>0.166560</td>\n",
              "      <td>0.018300</td>\n",
              "      <td>-0.015686</td>\n",
              "      <td>-0.048445</td>\n",
              "      <td>-0.116830</td>\n",
              "      <td>-0.037480</td>\n",
              "      <td>-0.009247</td>\n",
              "      <td>-0.044755</td>\n",
              "      <td>-0.004644</td>\n",
              "      <td>-0.077783</td>\n",
              "      <td>0.038163</td>\n",
              "      <td>-0.000075</td>\n",
              "      <td>-0.032583</td>\n",
              "    </tr>\n",
              "    <tr>\n",
              "      <th>Indie</th>\n",
              "      <td>-0.164301</td>\n",
              "      <td>0.148055</td>\n",
              "      <td>-0.082079</td>\n",
              "      <td>0.230027</td>\n",
              "      <td>0.166560</td>\n",
              "      <td>1.000000</td>\n",
              "      <td>-0.058322</td>\n",
              "      <td>-0.084543</td>\n",
              "      <td>-0.094420</td>\n",
              "      <td>0.002445</td>\n",
              "      <td>-0.066847</td>\n",
              "      <td>0.030226</td>\n",
              "      <td>-0.065962</td>\n",
              "      <td>-0.045907</td>\n",
              "      <td>0.015502</td>\n",
              "      <td>0.429371</td>\n",
              "      <td>-0.062521</td>\n",
              "      <td>-0.019278</td>\n",
              "    </tr>\n",
              "    <tr>\n",
              "      <th>Simulation</th>\n",
              "      <td>0.090925</td>\n",
              "      <td>-0.112550</td>\n",
              "      <td>-0.056972</td>\n",
              "      <td>-0.187395</td>\n",
              "      <td>0.018300</td>\n",
              "      <td>-0.058322</td>\n",
              "      <td>1.000000</td>\n",
              "      <td>0.064287</td>\n",
              "      <td>0.238025</td>\n",
              "      <td>-0.198694</td>\n",
              "      <td>-0.006836</td>\n",
              "      <td>0.031440</td>\n",
              "      <td>0.008651</td>\n",
              "      <td>0.159445</td>\n",
              "      <td>-0.056372</td>\n",
              "      <td>0.048760</td>\n",
              "      <td>0.026719</td>\n",
              "      <td>0.010457</td>\n",
              "    </tr>\n",
              "    <tr>\n",
              "      <th>Racing</th>\n",
              "      <td>0.068490</td>\n",
              "      <td>-0.015550</td>\n",
              "      <td>-0.011243</td>\n",
              "      <td>-0.107168</td>\n",
              "      <td>-0.015686</td>\n",
              "      <td>-0.084543</td>\n",
              "      <td>0.064287</td>\n",
              "      <td>1.000000</td>\n",
              "      <td>-0.095345</td>\n",
              "      <td>-0.060375</td>\n",
              "      <td>-0.032695</td>\n",
              "      <td>-0.005530</td>\n",
              "      <td>-0.010419</td>\n",
              "      <td>0.353052</td>\n",
              "      <td>-0.093918</td>\n",
              "      <td>0.008089</td>\n",
              "      <td>0.014104</td>\n",
              "      <td>-0.020536</td>\n",
              "    </tr>\n",
              "    <tr>\n",
              "      <th>Strategy</th>\n",
              "      <td>0.036647</td>\n",
              "      <td>-0.127298</td>\n",
              "      <td>0.014435</td>\n",
              "      <td>-0.321369</td>\n",
              "      <td>-0.048445</td>\n",
              "      <td>-0.094420</td>\n",
              "      <td>0.238025</td>\n",
              "      <td>-0.095345</td>\n",
              "      <td>1.000000</td>\n",
              "      <td>-0.322234</td>\n",
              "      <td>0.022269</td>\n",
              "      <td>0.015266</td>\n",
              "      <td>-0.001532</td>\n",
              "      <td>-0.025703</td>\n",
              "      <td>0.012279</td>\n",
              "      <td>-0.074021</td>\n",
              "      <td>-0.028959</td>\n",
              "      <td>0.021952</td>\n",
              "    </tr>\n",
              "    <tr>\n",
              "      <th>Action</th>\n",
              "      <td>0.014828</td>\n",
              "      <td>0.063881</td>\n",
              "      <td>-0.022678</td>\n",
              "      <td>-0.032495</td>\n",
              "      <td>-0.116830</td>\n",
              "      <td>0.002445</td>\n",
              "      <td>-0.198694</td>\n",
              "      <td>-0.060375</td>\n",
              "      <td>-0.322234</td>\n",
              "      <td>1.000000</td>\n",
              "      <td>0.040978</td>\n",
              "      <td>0.029802</td>\n",
              "      <td>0.016969</td>\n",
              "      <td>-0.068065</td>\n",
              "      <td>-0.041775</td>\n",
              "      <td>0.012313</td>\n",
              "      <td>-0.003415</td>\n",
              "      <td>0.014778</td>\n",
              "    </tr>\n",
              "    <tr>\n",
              "      <th>Free to Play</th>\n",
              "      <td>-0.242948</td>\n",
              "      <td>-0.068350</td>\n",
              "      <td>0.012737</td>\n",
              "      <td>-0.060149</td>\n",
              "      <td>-0.037480</td>\n",
              "      <td>-0.066847</td>\n",
              "      <td>-0.006836</td>\n",
              "      <td>-0.032695</td>\n",
              "      <td>0.022269</td>\n",
              "      <td>0.040978</td>\n",
              "      <td>1.000000</td>\n",
              "      <td>0.082120</td>\n",
              "      <td>0.617218</td>\n",
              "      <td>-0.014476</td>\n",
              "      <td>0.100750</td>\n",
              "      <td>0.034283</td>\n",
              "      <td>0.001853</td>\n",
              "      <td>-0.029558</td>\n",
              "    </tr>\n",
              "    <tr>\n",
              "      <th>Early Access</th>\n",
              "      <td>-0.013236</td>\n",
              "      <td>-0.007985</td>\n",
              "      <td>0.019179</td>\n",
              "      <td>0.008335</td>\n",
              "      <td>-0.009247</td>\n",
              "      <td>0.030226</td>\n",
              "      <td>0.031440</td>\n",
              "      <td>-0.005530</td>\n",
              "      <td>0.015266</td>\n",
              "      <td>0.029802</td>\n",
              "      <td>0.082120</td>\n",
              "      <td>1.000000</td>\n",
              "      <td>0.101298</td>\n",
              "      <td>-0.004972</td>\n",
              "      <td>-0.014071</td>\n",
              "      <td>-0.026717</td>\n",
              "      <td>-0.010187</td>\n",
              "      <td>-0.035991</td>\n",
              "    </tr>\n",
              "    <tr>\n",
              "      <th>Massively Multiplayer</th>\n",
              "      <td>-0.123851</td>\n",
              "      <td>-0.068496</td>\n",
              "      <td>0.024433</td>\n",
              "      <td>-0.041637</td>\n",
              "      <td>-0.044755</td>\n",
              "      <td>-0.065962</td>\n",
              "      <td>0.008651</td>\n",
              "      <td>-0.010419</td>\n",
              "      <td>-0.001532</td>\n",
              "      <td>0.016969</td>\n",
              "      <td>0.617218</td>\n",
              "      <td>0.101298</td>\n",
              "      <td>1.000000</td>\n",
              "      <td>-0.024065</td>\n",
              "      <td>0.162174</td>\n",
              "      <td>0.014014</td>\n",
              "      <td>-0.010350</td>\n",
              "      <td>-0.029930</td>\n",
              "    </tr>\n",
              "    <tr>\n",
              "      <th>Sports</th>\n",
              "      <td>0.166110</td>\n",
              "      <td>-0.042706</td>\n",
              "      <td>0.014236</td>\n",
              "      <td>-0.129813</td>\n",
              "      <td>-0.004644</td>\n",
              "      <td>-0.045907</td>\n",
              "      <td>0.159445</td>\n",
              "      <td>0.353052</td>\n",
              "      <td>-0.025703</td>\n",
              "      <td>-0.068065</td>\n",
              "      <td>-0.014476</td>\n",
              "      <td>-0.004972</td>\n",
              "      <td>-0.024065</td>\n",
              "      <td>1.000000</td>\n",
              "      <td>-0.084442</td>\n",
              "      <td>0.100871</td>\n",
              "      <td>0.009905</td>\n",
              "      <td>-0.012312</td>\n",
              "    </tr>\n",
              "    <tr>\n",
              "      <th>RPG</th>\n",
              "      <td>0.040074</td>\n",
              "      <td>0.029081</td>\n",
              "      <td>0.046830</td>\n",
              "      <td>-0.028815</td>\n",
              "      <td>-0.077783</td>\n",
              "      <td>0.015502</td>\n",
              "      <td>-0.056372</td>\n",
              "      <td>-0.093918</td>\n",
              "      <td>0.012279</td>\n",
              "      <td>-0.041775</td>\n",
              "      <td>0.100750</td>\n",
              "      <td>-0.014071</td>\n",
              "      <td>0.162174</td>\n",
              "      <td>-0.084442</td>\n",
              "      <td>1.000000</td>\n",
              "      <td>0.088985</td>\n",
              "      <td>0.012040</td>\n",
              "      <td>0.035752</td>\n",
              "    </tr>\n",
              "    <tr>\n",
              "      <th>year</th>\n",
              "      <td>0.336382</td>\n",
              "      <td>0.020809</td>\n",
              "      <td>-0.113248</td>\n",
              "      <td>0.203466</td>\n",
              "      <td>0.038163</td>\n",
              "      <td>0.429371</td>\n",
              "      <td>0.048760</td>\n",
              "      <td>0.008089</td>\n",
              "      <td>-0.074021</td>\n",
              "      <td>0.012313</td>\n",
              "      <td>0.034283</td>\n",
              "      <td>-0.026717</td>\n",
              "      <td>0.014014</td>\n",
              "      <td>0.100871</td>\n",
              "      <td>0.088985</td>\n",
              "      <td>1.000000</td>\n",
              "      <td>-0.110502</td>\n",
              "      <td>0.011250</td>\n",
              "    </tr>\n",
              "    <tr>\n",
              "      <th>month</th>\n",
              "      <td>0.029678</td>\n",
              "      <td>0.034342</td>\n",
              "      <td>0.036021</td>\n",
              "      <td>0.007467</td>\n",
              "      <td>-0.000075</td>\n",
              "      <td>-0.062521</td>\n",
              "      <td>0.026719</td>\n",
              "      <td>0.014104</td>\n",
              "      <td>-0.028959</td>\n",
              "      <td>-0.003415</td>\n",
              "      <td>0.001853</td>\n",
              "      <td>-0.010187</td>\n",
              "      <td>-0.010350</td>\n",
              "      <td>0.009905</td>\n",
              "      <td>0.012040</td>\n",
              "      <td>-0.110502</td>\n",
              "      <td>1.000000</td>\n",
              "      <td>-0.096258</td>\n",
              "    </tr>\n",
              "    <tr>\n",
              "      <th>day</th>\n",
              "      <td>0.005164</td>\n",
              "      <td>-0.017505</td>\n",
              "      <td>0.013990</td>\n",
              "      <td>0.007294</td>\n",
              "      <td>-0.032583</td>\n",
              "      <td>-0.019278</td>\n",
              "      <td>0.010457</td>\n",
              "      <td>-0.020536</td>\n",
              "      <td>0.021952</td>\n",
              "      <td>0.014778</td>\n",
              "      <td>-0.029558</td>\n",
              "      <td>-0.035991</td>\n",
              "      <td>-0.029930</td>\n",
              "      <td>-0.012312</td>\n",
              "      <td>0.035752</td>\n",
              "      <td>0.011250</td>\n",
              "      <td>-0.096258</td>\n",
              "      <td>1.000000</td>\n",
              "    </tr>\n",
              "  </tbody>\n",
              "</table>\n",
              "</div>"
            ],
            "text/plain": [
              "                          price  sentiment  metascore  Adventure    Casual   \n",
              "price                  1.000000   0.010211   0.152837  -0.012192 -0.140386  \\\n",
              "sentiment              0.010211   1.000000   0.518964   0.056666  0.044977   \n",
              "metascore              0.152837   0.518964   1.000000  -0.045651 -0.022454   \n",
              "Adventure             -0.012192   0.056666  -0.045651   1.000000  0.063426   \n",
              "Casual                -0.140386   0.044977  -0.022454   0.063426  1.000000   \n",
              "Indie                 -0.164301   0.148055  -0.082079   0.230027  0.166560   \n",
              "Simulation             0.090925  -0.112550  -0.056972  -0.187395  0.018300   \n",
              "Racing                 0.068490  -0.015550  -0.011243  -0.107168 -0.015686   \n",
              "Strategy               0.036647  -0.127298   0.014435  -0.321369 -0.048445   \n",
              "Action                 0.014828   0.063881  -0.022678  -0.032495 -0.116830   \n",
              "Free to Play          -0.242948  -0.068350   0.012737  -0.060149 -0.037480   \n",
              "Early Access          -0.013236  -0.007985   0.019179   0.008335 -0.009247   \n",
              "Massively Multiplayer -0.123851  -0.068496   0.024433  -0.041637 -0.044755   \n",
              "Sports                 0.166110  -0.042706   0.014236  -0.129813 -0.004644   \n",
              "RPG                    0.040074   0.029081   0.046830  -0.028815 -0.077783   \n",
              "year                   0.336382   0.020809  -0.113248   0.203466  0.038163   \n",
              "month                  0.029678   0.034342   0.036021   0.007467 -0.000075   \n",
              "day                    0.005164  -0.017505   0.013990   0.007294 -0.032583   \n",
              "\n",
              "                          Indie  Simulation    Racing  Strategy    Action   \n",
              "price                 -0.164301    0.090925  0.068490  0.036647  0.014828  \\\n",
              "sentiment              0.148055   -0.112550 -0.015550 -0.127298  0.063881   \n",
              "metascore             -0.082079   -0.056972 -0.011243  0.014435 -0.022678   \n",
              "Adventure              0.230027   -0.187395 -0.107168 -0.321369 -0.032495   \n",
              "Casual                 0.166560    0.018300 -0.015686 -0.048445 -0.116830   \n",
              "Indie                  1.000000   -0.058322 -0.084543 -0.094420  0.002445   \n",
              "Simulation            -0.058322    1.000000  0.064287  0.238025 -0.198694   \n",
              "Racing                -0.084543    0.064287  1.000000 -0.095345 -0.060375   \n",
              "Strategy              -0.094420    0.238025 -0.095345  1.000000 -0.322234   \n",
              "Action                 0.002445   -0.198694 -0.060375 -0.322234  1.000000   \n",
              "Free to Play          -0.066847   -0.006836 -0.032695  0.022269  0.040978   \n",
              "Early Access           0.030226    0.031440 -0.005530  0.015266  0.029802   \n",
              "Massively Multiplayer -0.065962    0.008651 -0.010419 -0.001532  0.016969   \n",
              "Sports                -0.045907    0.159445  0.353052 -0.025703 -0.068065   \n",
              "RPG                    0.015502   -0.056372 -0.093918  0.012279 -0.041775   \n",
              "year                   0.429371    0.048760  0.008089 -0.074021  0.012313   \n",
              "month                 -0.062521    0.026719  0.014104 -0.028959 -0.003415   \n",
              "day                   -0.019278    0.010457 -0.020536  0.021952  0.014778   \n",
              "\n",
              "                       Free to Play  Early Access  Massively Multiplayer   \n",
              "price                     -0.242948     -0.013236              -0.123851  \\\n",
              "sentiment                 -0.068350     -0.007985              -0.068496   \n",
              "metascore                  0.012737      0.019179               0.024433   \n",
              "Adventure                 -0.060149      0.008335              -0.041637   \n",
              "Casual                    -0.037480     -0.009247              -0.044755   \n",
              "Indie                     -0.066847      0.030226              -0.065962   \n",
              "Simulation                -0.006836      0.031440               0.008651   \n",
              "Racing                    -0.032695     -0.005530              -0.010419   \n",
              "Strategy                   0.022269      0.015266              -0.001532   \n",
              "Action                     0.040978      0.029802               0.016969   \n",
              "Free to Play               1.000000      0.082120               0.617218   \n",
              "Early Access               0.082120      1.000000               0.101298   \n",
              "Massively Multiplayer      0.617218      0.101298               1.000000   \n",
              "Sports                    -0.014476     -0.004972              -0.024065   \n",
              "RPG                        0.100750     -0.014071               0.162174   \n",
              "year                       0.034283     -0.026717               0.014014   \n",
              "month                      0.001853     -0.010187              -0.010350   \n",
              "day                       -0.029558     -0.035991              -0.029930   \n",
              "\n",
              "                         Sports       RPG      year     month       day  \n",
              "price                  0.166110  0.040074  0.336382  0.029678  0.005164  \n",
              "sentiment             -0.042706  0.029081  0.020809  0.034342 -0.017505  \n",
              "metascore              0.014236  0.046830 -0.113248  0.036021  0.013990  \n",
              "Adventure             -0.129813 -0.028815  0.203466  0.007467  0.007294  \n",
              "Casual                -0.004644 -0.077783  0.038163 -0.000075 -0.032583  \n",
              "Indie                 -0.045907  0.015502  0.429371 -0.062521 -0.019278  \n",
              "Simulation             0.159445 -0.056372  0.048760  0.026719  0.010457  \n",
              "Racing                 0.353052 -0.093918  0.008089  0.014104 -0.020536  \n",
              "Strategy              -0.025703  0.012279 -0.074021 -0.028959  0.021952  \n",
              "Action                -0.068065 -0.041775  0.012313 -0.003415  0.014778  \n",
              "Free to Play          -0.014476  0.100750  0.034283  0.001853 -0.029558  \n",
              "Early Access          -0.004972 -0.014071 -0.026717 -0.010187 -0.035991  \n",
              "Massively Multiplayer -0.024065  0.162174  0.014014 -0.010350 -0.029930  \n",
              "Sports                 1.000000 -0.084442  0.100871  0.009905 -0.012312  \n",
              "RPG                   -0.084442  1.000000  0.088985  0.012040  0.035752  \n",
              "year                   0.100871  0.088985  1.000000 -0.110502  0.011250  \n",
              "month                  0.009905  0.012040 -0.110502  1.000000 -0.096258  \n",
              "day                   -0.012312  0.035752  0.011250 -0.096258  1.000000  "
            ]
          },
          "execution_count": 11,
          "metadata": {},
          "output_type": "execute_result"
        }
      ],
      "source": [
        "df_filtrado.corr()"
      ]
    },
    {
      "cell_type": "markdown",
      "metadata": {},
      "source": [
        "Eliminare sentiment, month y day ya que no tienen una correlación significativa y agregarlos implicaría insertar un datos mas en el input"
      ]
    },
    {
      "cell_type": "code",
      "execution_count": 13,
      "metadata": {},
      "outputs": [],
      "source": [
        "df_filtrado.drop(['sentiment','month','day'], inplace=True, axis=1)"
      ]
    },
    {
      "cell_type": "markdown",
      "metadata": {},
      "source": [
        "En este caso utilizaremos el Modelo de Machine Learning de regresión Lineal polinómica ya que queremos predecir un variable cuantitativa continua "
      ]
    },
    {
      "cell_type": "code",
      "execution_count": 16,
      "metadata": {},
      "outputs": [],
      "source": [
        "\n",
        "# Seleccionar las variables independientes (predictores) y la variable dependiente (precio)\n",
        "y = df_filtrado['price']\n",
        "X = df_filtrado.drop(columns=['price'])\n",
        "\n",
        "\n",
        "# Dividir el conjunto de datos en datos de entrenamiento y datos de prueba\n",
        "X_train, X_test, y_train, y_test = train_test_split(X, y, test_size=0.2, random_state=42)\n",
        "\n",
        "# Crear características polinómicas de grado 2\n",
        "poly = PolynomialFeatures(degree=2)\n",
        "X_train_poly = poly.fit_transform(X_train)\n",
        "X_test_poly = poly.transform(X_test)\n",
        "\n",
        "# Crear y entrenar el modelo de regresión lineal con características polinómicas\n",
        "poly_regression_model = LinearRegression()\n",
        "poly_regression_model.fit(X_train_poly, y_train)\n",
        "\n",
        "# Realizar predicciones en el conjunto de prueba\n",
        "y_pred_poly = poly_regression_model.predict(X_test_poly)\n",
        "\n",
        "mse_poly = mean_squared_error(y_test, y_pred_poly)\n",
        "rmse_poly = (mse_poly ** 0.5)\n"
      ]
    }
  ],
  "metadata": {
    "colab": {
      "provenance": []
    },
    "kernelspec": {
      "display_name": "Python 3",
      "name": "python3"
    },
    "language_info": {
      "codemirror_mode": {
        "name": "ipython",
        "version": 3
      },
      "file_extension": ".py",
      "mimetype": "text/x-python",
      "name": "python",
      "nbconvert_exporter": "python",
      "pygments_lexer": "ipython3",
